 183 194 195 193 194 192 194 194 191 195 194 196 198 192 193 198
 189 193 193 190 192 194 195 194 163 138 194 199 197 194 196 199
 190 195 193 194 194 195 193 181 193 110 176 196 196 196 197 198
 185 192 195 193 194 197 189 191 185 174 138 196 193 196 197 198
 184 194 195 196 194 194 182 195 185 196 113 185 195 196 197 199
 193 195 195 196 196 185 192 194 188 196 127 139 195 196 195 198
 192 193 192 193 191 183 192 188 185 191 171  99 191 191 190 197
 194 192 192 191 184 189 189 188 171 183 188 104 168 190 190 192
 187 189 190 191 183 191 187 187 190 186 187 126 133 187 188 190
 188 188 190 184 187 189 187 183 178 185 181 153 120 181 187 191
 183 189 186 175 182 179 145 108  96 100 156 164 107 183 186 188
 177 185 186 174 166 112 126 176 187 163 103 156 102 175 180 186
 180 181 172 164 101 174 180 182 181 182 165 131  97 164 181 183
 179 177 155 102 175 177 177 181 181 182 178 147 112 166 182 179
 174 175 143 165 177 176 176 177 177 179 175 168 120 170 177 176
 172 176 176 174 173 174 175 176 177 179 174 174 173 179 178 178
 179 183 184 184 184 184 185 184 182 183 184 186 188 189 189 189
 183 183 184 184 185 186 187 185 156 138 185 188 189 190 190 190
 182 183 184 184 186 186 184 173 184 108 171 186 189 190 189 190
 180 184 185 184 184 186 179 182 176 167 135 187 189 189 189 189
 177 183 184 186 185 184 171 183 176 186 112 178 187 188 189 189
 184 183 182 184 186 177 183 185 178 186 127 138 186 188 188 190
 184 183 183 184 184 175 184 180 175 185 166  97 183 187 187 189
 183 182 182 183 175 181 185 182 168 179 183 103 165 184 186 188
 182 182 182 181 174 182 182 181 182 181 180 124 133 184 185 188
 180 181 182 173 178 181 181 176 172 178 179 148 123 183 184 186
 177 181 181 173 178 174 141 109 102 103 157 162 110 183 184 186
 176 180 177 170 162 114 130 172 181 161 107 156 104 177 183 184
 180 179 167 161 107 174 180 181 181 180 165 132  97 166 182 183
 179 179 156 109 175 178 179 180 179 179 179 148 116 168 181 182
 176 175 146 169 175 176 177 178 179 178 177 170 124 172 180 180
 172 174 174 174 174 176 177 179 178 179 177 175 174 179 180 180
 168 171 172 170 168 170 171 170 168 168 170 170 172 173 174 173
 171 170 170 169 168 169 170 168 142 124 171 171 170 171 173 174
 170 169 169 169 168 169 169 158 169  93 158 172 172 172 175 175
 166 170 170 170 170 171 164 168 162 151 120 171 173 174 175 175
 166 170 171 171 171 170 159 169 161 171 100 166 172 173 174 175
 172 170 172 170 172 164 171 170 163 172 115 126 173 173 174 174
 171 170 169 170 170 164 171 168 163 171 154  85 172 173 172 175
 173 172 172 172 163 170 172 168 154 167 172  90 153 172 173 174
 170 170 170 171 164 171 171 170 170 169 169 112 121 171 172 174
 169 170 171 163 168 169 170 165 162 166 165 136 111 170 172 175
 166 170 170 161 168 164 130  96  88  90 146 150  98 171 173 174
 165 169 167 158 151 101 117 161 171 150  93 143  93 165 171 172
 168 168 156 150  95 163 168 169 169 169 153 119  85 154 170 170
 171 168 144  96 162 166 167 168 168 168 167 136 105 157 169 170
 165 164 133 157 163 164 165 166 166 166 165 159 111 161 169 168
 162 162 162 162 162 164 167 167 166 168 166 163 162 167 168 170

 198 199 198 198 199 198 197 192 190 191 188 186 183 179 176 178
 193 196 197 197 197 195 190 190 188 187 186 180 181 182 177 178
 192 194 196 196 196 196 191 190 187 181 183 175 164 166 170 179
 198 197 196 193 195 195 191 168 133 120 107 102  97 112 120 173
 196 199 196 196 185 139  99 104 126 153 164 156 131 147 168 174
 194 194 176 138 113 127 171 188 187 181 156 103 165 178 175 174
 195 138 110 174 196 196 191 183 186 185 100 163 182 182 179 179
 191 163 193 185 185 188 185 171 190 178  96 187 181 181 177 177
 194 194 181 191 195 194 188 188 187 183 108 176 182 181 177 176
 194 195 193 189 182 192 192 189 187 187 145 126 180 177 176 175
 192 194 195 197 194 185 183 189 191 189 179 112 174 177 176 174
 194 192 194 194 194 196 191 184 183 187 182 166 101 175 177 173
 193 190 194 193 196 196 193 191 191 184 175 174 164 102 165 174
 195 193 193 195 195 195 192 192 190 190 186 186 172 155 143 176
 194 193 195 192 194 195 193 192 189 188 189 185 181 177 175 176
 183 189 190 185 184 193 192 194 187 188 183 177 180 179 174 172
 189 190 190 189 189 190 189 188 188 186 186 184 183 182 180 180
 189 190 189 189 189 188 187 186 185 184 184 183 182 181 180 180
 189 190 190 189 188 188 187 184 184 183 183 177 166 168 172 179
 188 189 189 189 187 186 183 165 133 123 110 104  97 116 124 174
 186 188 186 187 178 138  97 103 124 148 162 156 132 148 170 175
 184 185 171 135 112 127 166 183 180 179 157 107 165 179 177 177
 183 138 108 167 186 186 185 179 181 178 103 161 180 179 178 179
 182 156 184 176 176 178 175 168 182 172 102 181 181 179 179 178
 184 185 173 182 183 185 180 182 181 176 109 172 181 180 178 179
 185 187 184 179 171 183 184 185 182 181 141 130 180 179 177 177
 184 186 186 186 184 177 175 181 182 181 174 114 174 178 176 176
 184 185 186 184 185 186 184 175 174 178 178 162 107 175 175 174
 184 184 184 184 186 184 184 183 181 173 173 170 161 109 169 174
 184 184 184 185 184 182 183 182 182 182 181 177 167 156 146 174
 183 183 183 184 183 183 183 182 182 181 181 180 179 179 175 174
 179 183 182 180 177 184 184 183 182 180 177 176 180 179 176 172
 173 174 175 175 175 174 175 174 174 175 174 172 170 170 168 170
 174 173 175 175 174 174 172 173 172 172 173 171 170 169 169 168
 173 171 172 174 173 173 173 172 171 170 171 165 154 157 161 167
 172 170 172 173 172 173 172 153 121 111  98  93  85 105 111 162
 170 171 172 171 166 126  85  90 112 136 150 143 119 136 159 163
 170 171 158 120 100 115 154 172 169 165 146  93 153 167 165 166
 168 124  93 151 171 172 171 167 169 166  90 150 169 168 166 168
 168 142 169 162 161 163 163 154 170 162  88 171 169 168 166 166
 170 168 158 168 169 170 168 168 170 165  96 161 169 168 166 167
 171 170 169 164 159 171 171 172 171 170 130 117 168 167 165 167
 170 169 169 171 170 164 164 170 171 169 164 101 163 166 164 164
 168 168 168 170 171 172 170 163 164 168 168 151  95 162 163 162
 170 169 169 170 171 170 170 172 171 163 161 158 150  96 157 162
 172 170 169 170 171 172 169 172 170 171 170 167 156 144 133 162
 171 170 169 170 170 170 170 172 170 170 170 169 168 168 164 162
 168 171 170 166 166 172 171 173 170 169 166 165 168 171 165 162

 178 178 179 173 174 174 179 177 176 175 174 173 174 176 176 172
 176 177 170 120 168 175 179 177 177 176 176 177 165 143 175 174
 179 182 166 112 147 178 182 181 181 177 177 175 102 155 177 179
 183 181 164  97 131 165 182 181 182 180 174 101 164 172 181 180
 186 180 175 102 156 103 163 187 176 126 112 166 174 186 185 177
 188 186 183 107 164 156 100  96 108 145 179 182 175 186 189 183
 191 187 181 120 153 181 185 178 183 187 189 187 184 190 188 188
 190 188 187 133 126 187 186 190 187 187 191 183 191 190 189 187
 192 190 190 168 104 188 183 171 188 189 189 184 191 192 192 194
 197 190 191 191  99 171 191 185 188 192 183 191 193 192 193 192
 198 195 196 195 139 127 196 188 194 192 185 196 196 195 195 193
 199 197 196 195 185 113 196 185 195 182 194 194 196 195 194 184
 198 197 196 193 196 138 174 185 191 189 197 194 193 195 192 185
 198 197 196 196 196 176 110 193 181 193 195 194 194 193 195 190
 199 196 194 197 199 194 138 163 194 195 194 192 190 193 193 189
 198 193 192 198 196 194 195 191 194 194 192 194 193 195 194 183
 180 180 179 174 175 177 179 178 179 177 176 174 174 174 174 172
 180 180 172 124 170 177 178 179 178 177 176 175 169 146 175 176
 182 181 168 116 148 179 179 179 180 179 178 175 109 156 179 179
 183 182 166  97 132 165 180 181 181 180 174 107 161 167 179 180
 184 183 177 104 156 107 161 181 172 130 114 162 170 177 180 176
 186 184 183 110 162 157 103 102 109 141 174 178 173 181 181 177
 186 184 183 123 148 179 178 172 176 181 181 178 173 182 181 180
 188 185 184 133 124 180 181 182 181 182 182 174 181 182 182 182
 188 186 184 165 103 183 179 168 182 185 181 175 183 182 182 183
 189 187 187 183  97 166 185 175 180 184 175 184 184 183 183 184
 190 188 188 186 138 127 186 178 185 183 177 186 184 182 183 184
 189 189 188 187 178 112 186 176 183 171 184 185 186 184 183 177
 189 189 189 189 187 135 167 176 182 179 186 184 184 185 184 180
 190 189 190 189 186 171 108 184 173 184 186 186 184 184 183 182
 190 190 190 189 188 185 138 156 185 187 186 185 184 184 183 183
 189 189 189 188 186 184 183 182 184 185 184 184 184 184 183 179
 170 168 167 162 163 166 168 166 167 167 164 162 162 162 162 162
 168 169 161 111 159 165 166 166 166 165 164 163 157 133 164 165
 170 169 157 105 136 167 168 168 168 167 166 162  96 144 168 171
 170 170 154  85 119 153 169 169 169 168 163  95 150 156 168 168
 172 171 165  93 143  93 150 171 161 117 101 151 158 167 169 165
 174 173 171  98 150 146  90  88  96 130 164 168 161 170 170 166
 175 172 170 111 136 165 166 162 165 170 169 168 163 171 170 169
 174 172 171 121 112 169 169 170 170 171 171 164 171 170 170 170
 174 173 172 153  90 172 167 154 168 172 170 163 172 172 172 173
 175 172 173 172  85 154 171 163 168 171 164 170 170 169 170 171
 174 174 173 173 126 115 172 163 170 171 164 172 170 172 170 172
 175 174 173 172 166 100 171 161 169 159 170 171 171 171 170 166
 175 175 174 173 171 120 151 162 168 164 171 170 170 170 170 166
 175 175 172 172 172 158  93 169 158 169 169 168 169 169 169 170
 174 173 171 170 171 171 124 142 168 170 169 168 169 170 170 171
 173 174 173 172 170 170 168 168 170 171 170 168 170 172 171 168

 172 174 179 180 177 183 188 187 194 192 193 184 185 190 189 183
 176 175 177 181 185 189 188 189 192 193 195 194 192 195 193 194
 176 143 155 172 186 186 190 190 192 192 195 195 195 193 193 195
 174 165 102 164 174 175 184 191 191 193 196 196 193 194 190 193
 173 177 175 101 166 182 187 183 184 191 196 194 194 194 192 194
 174 176 177 174 112 179 189 191 189 183 185 194 197 195 194 192
 175 176 177 180 126 145 187 187 189 192 192 182 189 193 195 194
 176 177 181 182 176 108 183 187 188 188 194 195 191 181 194 194
 177 177 181 181 187  96 178 190 171 185 188 185 185 193 163 191
 179 179 182 182 163 100 185 186 183 191 196 196 174 110 138 195
 174 175 178 165 103 156 181 187 188 171 127 113 138 176 194 194
 174 168 147 131 156 164 153 126 104  99 139 185 196 196 199 196
 173 120 112  97 102 107 120 133 168 191 195 195 193 196 197 198
 179 170 166 164 175 183 181 187 190 191 196 196 196 196 194 192
 178 177 182 181 180 186 187 188 190 190 195 197 197 197 196 193
 178 176 179 183 186 188 191 190 192 197 198 199 198 198 199 198
 172 176 179 180 176 177 180 182 183 184 184 177 180 182 183 179
 174 175 179 179 180 181 181 182 182 183 183 183 184 183 183 183
 174 146 156 167 177 181 182 182 182 183 182 184 185 184 184 184
 174 169 109 161 170 173 173 181 183 184 184 186 184 184 184 184
 174 175 175 107 162 178 178 174 175 184 186 185 184 186 185 184
 176 176 178 174 114 174 181 182 181 175 177 184 186 186 186 184
 177 177 179 180 130 141 181 182 185 184 183 171 179 184 187 185
 179 178 180 181 172 109 176 181 182 180 185 183 182 173 185 184
 178 179 179 181 181 102 172 182 168 175 178 176 176 184 156 182
 179 178 179 180 161 103 178 181 179 185 186 186 167 108 138 183
 177 177 179 165 107 157 179 180 183 166 127 112 135 171 185 184
 175 170 148 132 156 162 148 124 103  97 138 178 187 186 188 186
 174 124 116  97 104 110 123 133 165 183 186 187 189 189 189 188
 179 172 168 166 177 183 183 184 184 187 188 188 189 190 190 189
 180 180 181 182 183 184 184 185 186 187 188 189 189 189 190 189
 180 180 182 183 184 186 186 188 188 189 190 189 189 190 190 189
 162 165 171 168 165 166 169 170 173 171 172 166 166 170 171 168
 162 164 168 168 169 170 170 170 172 170 170 170 170 169 170 171
 162 133 144 156 167 170 171 170 172 169 172 171 170 169 170 172
 162 157  96 150 158 161 163 171 172 170 170 171 170 169 169 170
 162 163 162  95 151 168 168 164 163 170 172 171 170 168 168 168
 164 164 166 163 101 164 169 171 170 164 164 170 171 169 169 170
 167 165 167 168 117 130 170 171 172 171 171 159 164 169 170 171
 167 166 168 169 161  96 165 170 168 168 170 169 168 158 168 170
 166 166 168 169 171  88 162 170 154 163 163 161 162 169 142 168
 168 166 168 169 150  90 166 169 167 171 172 171 151  93 124 168
 166 165 167 153  93 146 165 169 172 154 115 100 120 158 171 170
 163 159 136 119 143 150 136 112  90  85 126 166 171 172 171 170
 162 111 105  85  93  98 111 121 153 172 173 172 173 172 170 172
 167 161 157 154 165 171 170 171 172 173 173 173 174 172 171 173
 168 169 169 170 171 173 172 172 173 172 174 174 175 175 173 174
 170 168 170 170 172 174 175 174 174 175 174 175 175 175 174 173

