 204 222 226 225 224 222 223 226 225 227 226 227 227 228 230 234
 213 221 225 224 224 224 226 227 224 227 227 229 229 231 231 229
 202 222 225 228 227 225 227 227 228 227 229 228 229 230 228 228
 212 223 225 226 229 226 227 228 227 226 229 228 227 229 227 228
 210 223 225 225 226 228 228 229 228 227 229 229 228 229 232 232
 210 221 222 223 226 228 224 226 227 227 227 229 228 228 225 229
 209 221 219 222 225 227 226 227 227 228 227 226 227 226 229 229
 204 217 220 221 223 224 226 224 224 226 225 226 226 225 226 228
 219 221 221 219 220 220 221 221 221 223 221 220 221 223 224 224
 180 109 218 218 134 174 141 147 219 220 220 220 220 221 220 220
 170  69 219 219  73 155 146 149 184 199 188 219 168 158 211 217
 157  45 117 122  44 156 102  97  93  51 135 130  46  91  61 209
 168  47 128 141  45 148  87  99  84 122 218  44 171 214  71 162
 157  71 211 212  73 160 103 101  85 135 213  53 175 210  73 165
 160  65 212 214  70 154  93  99  96 134 209 136  45  82  70 203
 200 200 206 201 201 197 183 185 206 213 211 207 177 154 203 203
 191 206 208 207 206 206 207 209 208 210 211 210 210 212 212 213
 202 205 209 208 207 207 209 210 211 212 211 212 212 212 212 213
 196 207 209 212 210 210 211 211 212 212 213 213 212 212 213 213
 202 207 211 211 211 211 211 212 212 213 213 213 213 213 213 215
 199 208 210 211 212 213 212 212 212 212 213 213 214 217 218 218
 201 208 208 209 212 212 212 213 212 212 213 215 216 217 217 218
 202 208 208 212 212 213 213 213 213 213 213 215 216 216 217 217
 198 206 209 211 211 213 213 212 213 214 214 215 215 216 217 216
 207 210 211 209 210 212 212 211 213 213 214 214 214 213 214 214
 174 111 208 209 131 172 134 145 212 214 213 214 213 214 213 214
 166  69 211 210  71 154 141 148 179 194 186 213 167 154 206 212
 155  47 116 119  44 155  94 102  92  55 138 132  52  92  68 204
 161  49 131 140  47 149  83 103  84 127 209  46 172 210  75 162
 151  71 205 206  69 160  98 107  82 141 206  50 176 207  76 165
 155  74 205 206  70 156  93 104  95 142 208 135  50  83  77 203
 194 193 196 196 195 192 176 180 198 205 206 201 171 153 198 199
 181 194 197 197 196 195 197 198 198 200 200 199 200 202 203 203
 192 194 196 197 197 196 197 200 199 198 201 202 203 202 204 204
 185 195 197 199 198 197 199 201 202 201 200 201 202 202 202 204
 191 197 197 198 200 200 199 200 202 202 200 200 202 203 203 204
 189 196 197 198 200 200 201 202 202 202 202 203 204 207 208 209
 189 197 198 200 201 202 201 201 202 202 202 203 205 207 206 208
 191 196 197 198 201 201 200 201 203 203 202 205 205 206 207 206
 187 196 199 199 199 201 202 202 202 204 203 203 204 204 206 206
 195 199 197 197 197 198 198 200 202 202 203 203 203 203 204 204
 163 100 196 194 118 160 123 134 201 201 202 202 202 201 202 202
 155  60 199 196  61 145 129 136 167 180 170 199 155 143 194 201
 143  38 106 109  36 144  83  91  80  44 125 120  42  82  56 191
 150  39 121 130  36 136  73  94  74 117 195  36 161 196  62 150
 141  61 193 193  59 149  88  95  73 128 193  40 164 192  65 153
 144  62 192 191  58 143  81  93  83 128 192 122  41  73  65 190
 183 179 184 181 182 179 165 168 184 193 191 188 160 141 186 187

 234 229 228 228 232 229 229 228 224 220 217 209 162 165 203 203
 230 231 228 227 232 225 229 226 224 220 211  61  71  73  70 203
 228 231 230 229 229 228 226 225 223 221 158  91 214 210  82 154
 227 229 229 227 228 228 227 226 221 220 168  46 171 175  45 177
 227 229 228 228 229 229 226 226 220 220 219 130  44  53 136 207
 226 227 229 229 229 227 227 225 221 220 188 135 218 213 209 211
 227 227 227 226 227 227 228 226 223 220 199  51 122 135 134 213
 225 224 228 227 228 227 227 224 221 219 184  93  84  85  96 206
 226 227 227 228 229 226 227 224 221 147 149  97  99 101  99 185
 223 226 227 227 228 224 226 226 221 141 146 102  87 103  93 183
 222 224 225 226 228 228 227 224 220 174 155 156 148 160 154 197
 224 224 227 229 226 226 225 223 220 134  73  44  45  73  70 201
 225 224 228 226 225 223 222 221 219 218 219 122 141 212 214 201
 226 225 225 225 225 222 219 220 221 218 219 117 128 211 212 206
 222 221 222 223 223 221 221 217 221 109  69  45  47  71  65 200
 204 213 202 212 210 210 209 204 219 180 170 157 168 157 160 200
 213 213 213 215 218 218 217 216 214 214 212 204 162 165 203 199
 212 212 213 213 218 217 217 217 214 213 206  68  75  76  77 198
 212 212 212 213 217 217 216 216 213 214 154  92 210 207  83 153
 210 212 212 213 214 216 216 215 214 213 167  52 172 176  50 171
 210 212 213 213 213 215 215 215 214 214 213 132  46  50 135 201
 211 211 213 213 213 213 213 214 214 213 186 138 209 206 208 206
 210 212 212 213 212 212 213 214 213 214 194  55 127 141 142 205
 208 211 212 212 212 212 213 213 213 212 179  92  84  82  95 198
 209 210 211 212 212 213 213 212 211 145 148 102 103 107 104 180
 207 209 211 211 212 212 213 213 212 134 141  94  83  98  93 176
 206 207 210 211 213 212 213 213 212 172 154 155 149 160 156 192
 206 207 210 211 212 212 212 211 210 131  71  44  47  69  70 195
 207 208 212 211 211 209 212 211 209 209 210 119 140 206 206 196
 208 209 209 211 210 208 208 209 211 208 211 116 131 205 205 196
 206 205 207 207 208 208 208 206 210 111  69  47  49  71  74 193
 191 202 196 202 199 201 202 198 207 174 166 155 161 151 155 194
 203 204 204 204 209 208 206 206 204 202 201 191 150 153 190 187
 203 204 202 203 208 206 207 206 204 202 194  56  62  65  65 186
 202 202 202 203 207 207 206 204 203 201 143  82 196 192  73 141
 200 203 202 202 204 205 205 204 203 202 155  42 161 164  41 160
 199 202 201 200 203 203 205 203 203 202 199 120  36  40 122 188
 200 201 200 200 202 202 202 203 203 202 170 125 195 193 192 191
 200 198 201 202 202 202 203 204 202 201 180  44 117 128 128 193
 198 199 202 202 202 202 203 202 202 201 167  80  74  73  83 184
 198 200 201 200 202 201 201 202 200 134 136  91  94  95  93 168
 197 197 199 199 201 201 200 202 198 123 129  83  73  88  81 165
 195 196 197 200 200 202 201 201 198 160 145 144 136 149 143 179
 196 197 198 200 200 201 201 199 197 118  61  36  36  59  58 182
 197 197 199 198 198 200 198 199 197 194 196 109 130 193 191 181
 197 196 197 197 197 198 197 199 197 196 199 106 121 193 192 184
 194 194 195 197 196 197 196 196 199 100  60  38  39  61  62 179
 181 192 185 191 189 189 191 187 195 163 155 143 150 141 144 183

 203 203 154 177 207 211 213 206 185 183 197 201 201 206 200 200
 203  70  82  45 136 209 134  96  99  93 154  70 214 212  65 160
 165  73 210 175  53 213 135  85 101 103 160  73 212 211  71 157
 162  71 214 171  44 218 122  84  99  87 148  45 141 128  47 168
 209  61  91  46 130 135  51  93  97 102 156  44 122 117  45 157
 217 211 158 168 219 188 199 184 149 146 155  73 219 219  69 170
 220 220 221 220 220 220 220 219 147 141 174 134 218 218 109 180
 224 224 223 221 220 221 223 221 221 221 220 220 219 221 221 219
 228 226 225 226 226 225 226 224 224 226 224 223 221 220 217 204
 229 229 226 227 226 227 228 227 227 226 227 225 222 219 221 209
 229 225 228 228 229 227 227 227 226 224 228 226 223 222 221 210
 232 232 229 228 229 229 227 228 229 228 228 226 225 225 223 210
 228 227 229 227 228 229 226 227 228 227 226 229 226 225 223 212
 228 228 230 229 228 229 227 228 227 227 225 227 228 225 222 202
 229 231 231 229 229 227 227 224 227 226 224 224 224 225 221 213
 234 230 228 227 227 226 227 225 226 223 222 224 225 226 222 204
 199 198 153 171 201 206 205 198 180 176 192 195 196 196 193 194
 203  77  83  50 135 208 142  95 104  93 156  70 206 205  74 155
 165  76 207 176  50 206 141  82 107  98 160  69 206 205  71 151
 162  75 210 172  46 209 127  84 103  83 149  47 140 131  49 161
 204  68  92  52 132 138  55  92 102  94 155  44 119 116  47 155
 212 206 154 167 213 186 194 179 148 141 154  71 210 211  69 166
 214 213 214 213 214 213 214 212 145 134 172 131 209 208 111 174
 214 214 213 214 214 214 213 213 211 212 212 210 209 211 210 207
 216 217 216 215 215 214 214 213 212 213 213 211 211 209 206 198
 217 217 216 216 215 213 213 213 213 213 213 212 212 208 208 202
 218 217 217 216 215 213 212 212 213 212 212 212 209 208 208 201
 218 218 217 214 213 213 212 212 212 212 213 212 211 210 208 199
 215 213 213 213 213 213 213 212 212 211 211 211 211 211 207 202
 213 213 212 212 213 213 212 212 211 211 210 210 212 209 207 196
 213 212 212 212 212 211 212 211 210 209 207 207 208 209 205 202
 213 212 212 210 210 211 210 208 209 207 206 206 207 208 206 191
 187 186 141 160 188 191 193 184 168 165 179 182 181 184 179 183
 190  65  73  41 122 192 128  83  93  81 143  58 191 192  62 144
 153  65 192 164  40 193 128  73  95  88 149  59 193 193  61 141
 150  62 196 161  36 195 117  74  94  73 136  36 130 121  39 150
 191  56  82  42 120 125  44  80  91  83 144  36 109 106  38 143
 201 194 143 155 199 170 180 167 136 129 145  61 196 199  60 155
 202 202 201 202 202 202 201 201 134 123 160 118 194 196 100 163
 204 204 203 203 203 203 202 202 200 198 198 197 197 197 199 195
 206 206 204 204 203 203 204 202 202 202 201 199 199 199 196 187
 206 207 206 205 205 202 203 203 201 200 201 201 198 197 196 191
 208 206 207 205 203 202 202 202 201 201 202 201 200 198 197 189
 209 208 207 204 203 202 202 202 202 201 200 200 198 197 196 189
 204 203 203 202 200 200 202 202 200 199 200 200 198 197 197 191
 204 202 202 202 201 200 201 202 201 199 197 198 199 197 195 185
 204 204 202 203 202 201 198 199 200 197 196 197 197 196 194 192
 203 203 202 200 199 200 200 198 198 197 195 196 197 197 194 181

 200 160 157 168 157 170 180 219 204 209 210 210 212 202 213 204
 200  65  71  47  45  69 109 221 217 221 221 223 223 222 221 222
 206 212 211 128 117 219 218 221 220 219 222 225 225 225 225 226
 201 214 212 141 122 219 218 219 221 222 223 225 226 228 224 225
 201  70  73  45  44  73 134 220 223 225 226 226 229 227 224 224
 197 154 160 148 156 155 174 220 224 227 228 228 226 225 224 222
 183  93 103  87 102 146 141 221 226 226 224 228 227 227 226 223
 185  99 101  99  97 149 147 221 224 227 226 229 228 227 227 226
 206  96  85  84  93 184 219 221 224 227 227 228 227 228 224 225
 213 134 135 122  51 199 220 223 226 228 227 227 226 227 227 227
 211 209 213 218 135 188 220 221 225 227 227 229 229 229 227 226
 207 136  53  44 130 219 220 220 226 226 229 229 228 228 229 227
 177  45 175 171  46 168 220 221 226 227 228 228 227 229 229 227
 154  82 210 214  91 158 221 223 225 226 228 229 229 230 231 228
 203  70  73  71  61 211 220 224 226 229 225 232 227 228 231 230
 203 203 165 162 209 217 220 224 228 229 229 232 228 228 229 234
 194 155 151 161 155 166 174 207 198 202 201 199 202 196 202 191
 193  74  71  49  47  69 111 210 206 208 208 208 207 207 205 206
 196 205 205 131 116 211 208 211 209 208 208 210 211 209 209 208
 196 206 206 140 119 210 209 209 211 212 209 211 211 212 208 207
 195  70  69  47  44  71 131 210 211 212 212 212 211 210 207 206
 192 156 160 149 155 154 172 212 213 213 212 213 211 210 207 206
 176  93  98  83  94 141 134 212 213 213 212 212 211 211 209 207
 180 104 107 103 102 148 145 211 212 213 213 212 212 211 210 209
 198  95  82  84  92 179 212 213 213 213 212 212 212 212 211 208
 205 142 141 127  55 194 214 213 214 213 212 212 213 212 212 210
 206 208 206 209 138 186 213 214 214 213 213 213 213 213 211 211
 201 135  50  46 132 213 214 214 215 215 215 213 213 213 212 210
 171  50 176 172  52 167 213 214 215 216 216 214 213 212 212 210
 153  83 207 210  92 154 214 213 216 216 217 217 213 212 212 212
 198  77  76  75  68 206 213 214 217 217 217 218 213 213 212 212
 199 203 165 162 204 212 214 214 216 217 218 218 215 213 213 213
 183 144 141 150 143 155 163 195 187 191 189 189 191 185 192 181
 179  62  61  39  38  60 100 199 196 196 197 196 197 195 194 194
 184 192 193 121 106 199 196 197 199 197 198 197 197 197 196 197
 181 191 193 130 109 196 194 197 199 198 200 198 198 199 197 197
 182  58  59  36  36  61 118 197 199 201 201 200 200 198 197 196
 179 143 149 136 144 145 160 198 201 201 202 200 200 197 196 195
 165  81  88  73  83 129 123 198 202 200 201 201 199 199 197 197
 168  93  95  94  91 136 134 200 202 201 201 202 200 201 200 198
 184  83  73  74  80 167 201 202 202 203 202 202 202 202 199 198
 193 128 128 117  44 180 201 202 204 203 202 202 202 201 198 200
 191 192 193 195 125 170 202 203 203 202 202 202 200 200 201 200
 188 122  40  36 120 199 202 203 203 205 203 203 200 201 202 199
 160  41 164 161  42 155 202 203 204 205 205 204 202 202 203 200
 141  73 192 196  82 143 201 203 204 206 207 207 203 202 202 202
 186  65  65  62  56 194 202 204 206 207 206 208 203 202 204 203
 187 190 153 150 191 201 202 204 206 206 208 209 204 204 204 203

