 107 169 167 184 196 192 191 185 181 198 203 203 205 206 205 208
 126 193 196 196 200 196 199 198 199 201 203 202 203 207 208 206
 126 195 193 194 199 200 201 203 201 205 205 208 206 209 207 208
 128 199 195 195 194 202 204 203 203 204 202 208 207 205 210 210
 129 198 197 191 184 198 203 188 165 203 204 100 120 206 207 212
 126 197 184  56  57 174 204 162 121 202 205  73  89 142 206 205
 127 200 156  83  60 135 205 161 123 201 197  81 168  43 187 213
 131 201 199 123 158 200 204 158 133 202 177  55  80 171 206 208
 147 199 199 111 176 200 202 149 130 204 169  59 107 208 212 212
 145 199 200 106 183 201 196  61  55 183 163 118  90 152 211 213
 147 197 198 112 178 203  99  75  87  81 163 126 190  75 195 213
 146 194 197 177 196 200 162 179 193 191 200 200 208 179 209 213
 150 197 197 199 200 200 201 204 204 204 203 204 204 203 207 208
 155 194 196 197 199 201 202 201 201 206 205 202 202 204 204 207
 150 193 193 197 197 195 195 199 201 201 203 203 202 200 204 206
 147 190 190 192 191 191 193 193 197 199 201 201 203 199 202 204
 105 170 167 178 189 189 187 185 180 193 198 199 200 200 202 204
 126 190 192 192 193 195 196 196 197 198 198 200 200 202 204 205
 125 189 191 191 192 194 195 196 196 198 198 199 199 201 202 202
 127 189 190 190 190 193 195 196 197 195 197 200 199 200 201 203
 125 189 191 182 178 191 194 182 163 194 197 100 122 198 199 202
 125 188 176  58  63 170 192 154 122 192 193  73  91 140 198 199
 126 187 149  85  61 135 191 152 124 191 184  86 158  49 185 198
 130 188 188 117 155 189 191 150 128 192 167  56  81 168 198 199
 144 187 189 108 171 190 191 142 128 192 158  57 106 198 199 200
 144 187 188 104 177 190 186  61  60 175 152 124  92 149 200 200
 144 187 188 109 171 189  97  80  90  90 152 130 180  77 187 200
 143 185 188 171 186 187 155 171 183 182 191 189 195 169 197 200
 151 185 187 188 187 187 189 192 191 192 193 193 195 196 197 198
 154 183 186 186 186 190 191 190 191 193 193 194 194 195 197 197
 151 183 184 186 187 187 189 188 190 193 193 192 195 196 195 196
 147 181 183 184 187 186 187 188 189 190 192 191 193 193 195 196
  94 153 150 162 176 176 174 171 166 178 185 184 185 183 188 190
 115 177 177 178 178 178 180 181 181 184 184 183 185 187 188 188
 115 175 176 176 177 179 180 181 181 181 183 184 185 186 188 187
 116 176 175 175 175 177 180 181 182 180 182 183 184 185 186 188
 114 175 174 167 164 176 179 168 150 179 184  87 109 185 185 188
 114 175 162  46  51 158 181 143 110 180 182  62  79 128 185 186
 116 176 136  72  50 123 180 142 113 181 174  73 147  36 172 189
 119 178 178 105 144 178 178 138 117 182 156  49  71 155 185 187
 135 177 176  97 161 179 179 132 116 182 148  48  95 186 189 190
 135 176 177  94 166 179 176  53  51 165 142 110  79 138 190 190
 136 176 177 100 162 179  86  69  81  77 142 117 172  66 177 190
 134 175 178 160 176 177 144 160 172 172 181 179 185 159 187 190
 142 176 176 178 177 178 180 183 182 184 183 184 187 188 187 188
 146 175 175 176 176 180 182 181 182 183 184 184 186 187 187 187
 141 173 175 176 179 180 180 181 181 182 184 184 185 187 186 187
 138 173 173 175 178 176 177 179 180 181 182 184 185 185 186 187

 208 206 208 210 212 205 213 208 212 213 213 213 208 207 206 204
 205 208 207 210 207 206 187 206 212 211 195 209 207 204 204 202
 206 207 209 205 206 142  43 171 208 152  75 179 203 204 200 199
 205 203 206 207 120  89 168  80 107  90 190 208 204 202 202 203
 203 202 208 208 100  73  81  55  59 118 126 200 204 202 203 201
 203 203 205 202 204 205 197 177 169 163 163 200 203 205 203 201
 198 201 205 204 203 202 201 202 204 183  81 191 204 206 201 199
 181 199 201 203 165 121 123 133 130  55  87 193 204 201 201 197
 185 198 203 203 188 162 161 158 149  61  75 179 204 201 199 193
 191 199 201 204 203 204 205 204 202 196  99 162 201 202 195 193
 192 196 200 202 198 174 135 200 200 201 203 200 200 201 195 191
 196 200 199 194 184  57  60 158 176 183 178 196 200 199 197 191
 184 196 194 195 191  56  83 123 111 106 112 177 199 197 197 192
 167 196 193 195 197 184 156 199 199 200 198 197 197 196 193 190
 169 193 195 199 198 197 200 201 199 199 197 194 197 194 193 190
 107 126 126 128 129 126 127 131 147 145 147 146 150 155 150 147
 204 205 202 203 202 199 198 199 200 200 200 200 198 197 196 196
 202 204 202 201 199 198 185 198 199 200 187 197 197 197 195 195
 200 202 201 200 198 140  49 168 198 149  77 169 196 195 196 193
 200 200 199 199 122  91 158  81 106  92 180 195 195 194 195 193
 199 200 199 200 100  73  86  56  57 124 130 189 193 194 192 191
 198 198 198 197 197 193 184 167 158 152 152 191 193 193 193 192
 193 198 198 195 194 192 191 192 192 175  90 182 192 193 193 190
 180 197 196 197 163 122 124 128 128  60  90 183 191 191 190 189
 185 196 196 196 182 154 152 150 142  61  80 171 192 190 188 188
 187 196 195 195 194 192 191 191 191 186  97 155 189 191 189 187
 189 195 194 193 191 170 135 189 190 190 189 187 187 190 187 186
 189 193 192 190 178  63  61 155 171 177 171 186 187 186 187 187
 178 192 191 190 182  58  85 117 108 104 109 171 188 186 186 184
 167 192 191 190 191 176 149 188 189 188 188 188 187 186 184 183
 170 190 189 189 189 188 187 188 187 187 187 185 185 183 183 181
 105 126 125 127 125 125 126 130 144 144 144 143 151 154 151 147
 190 188 187 188 188 186 189 187 190 190 190 190 188 187 187 187
 188 188 188 186 185 185 172 185 189 190 177 187 187 187 186 186
 183 187 186 185 185 128  36 155 186 138  66 159 188 187 187 185
 185 185 185 184 109  79 147  71  95  79 172 185 187 186 185 185
 184 183 184 183  87  62  73  49  48 110 117 179 184 184 184 184
 185 184 183 182 184 182 174 156 148 142 142 181 183 184 184 182
 178 184 181 180 179 180 181 182 182 165  77 172 184 183 182 181
 166 181 181 182 150 110 113 117 116  51  81 172 182 182 181 180
 171 181 181 181 168 143 142 138 132  53  69 160 183 181 181 179
 174 180 180 180 179 181 180 178 179 176  86 144 180 182 180 177
 176 178 179 177 176 158 123 178 179 179 179 177 178 180 180 176
 176 178 177 175 164  51  50 144 161 166 162 176 177 176 179 178
 162 178 176 175 167  46  72 105  97  94 100 160 178 176 176 175
 150 177 176 175 174 162 136 178 176 177 177 178 176 175 175 173
 153 177 175 176 175 175 176 178 177 176 176 175 176 175 173 173
  94 115 115 116 114 114 116 119 135 135 136 134 142 146 141 138

 204 202 199 203 201 201 199 197 193 193 191 191 192 190 190 147
 206 204 200 202 203 203 201 201 199 195 195 197 197 193 193 150
 207 204 204 202 202 205 206 201 201 202 201 199 197 196 194 155
 208 207 203 204 204 203 204 204 204 201 200 200 199 197 197 150
 213 209 179 208 200 200 191 193 179 162 200 196 177 197 194 146
 213 195  75 190 126 163  81  87  75  99 203 178 112 198 197 147
 213 211 152  90 118 163 183  55  61 196 201 183 106 200 199 145
 212 212 208 107  59 169 204 130 149 202 200 176 111 199 199 147
 208 206 171  80  55 177 202 133 158 204 200 158 123 199 201 131
 213 187  43 168  81 197 201 123 161 205 135  60  83 156 200 127
 205 206 142  89  73 205 202 121 162 204 174  57  56 184 197 126
 212 207 206 120 100 204 203 165 188 203 198 184 191 197 198 129
 210 210 205 207 208 202 204 203 203 204 202 194 195 195 199 128
 208 207 209 206 208 205 205 201 203 201 200 199 194 193 195 126
 206 208 207 203 202 203 201 199 198 199 196 200 196 196 193 126
 208 205 206 205 203 203 198 181 185 191 192 196 184 167 169 107
 196 195 193 193 191 192 190 189 188 187 186 187 184 183 181 147
 196 195 196 195 192 193 193 190 188 189 187 187 186 184 183 151
 197 197 195 194 194 193 193 191 190 191 190 186 186 186 183 154
 198 197 196 195 193 193 192 191 192 189 187 187 188 187 185 151
 200 197 169 195 189 191 182 183 171 155 187 186 171 188 185 143
 200 187  77 180 130 152  90  90  80  97 189 171 109 188 187 144
 200 200 149  92 124 152 175  60  61 186 190 177 104 188 187 144
 200 199 198 106  57 158 192 128 142 191 190 171 108 189 187 144
 199 198 168  81  56 167 192 128 150 191 189 155 117 188 188 130
 198 185  49 158  86 184 191 124 152 191 135  61  85 149 187 126
 199 198 140  91  73 193 192 122 154 192 170  63  58 176 188 125
 202 199 198 122 100 197 194 163 182 194 191 178 182 191 189 125
 203 201 200 199 200 197 195 197 196 195 193 190 190 190 189 127
 202 202 201 199 199 198 198 196 196 195 194 192 191 191 189 125
 205 204 202 200 200 198 198 197 196 196 195 193 192 192 190 126
 204 202 200 200 199 198 193 180 185 187 189 189 178 167 170 105
 187 186 185 185 184 182 181 180 179 177 176 178 175 173 173 138
 187 186 187 185 184 184 182 181 181 180 180 179 176 175 173 141
 187 187 187 186 184 184 183 182 181 182 180 176 176 175 175 146
 188 187 188 187 184 183 184 182 183 180 178 177 178 176 176 142
 190 187 159 185 179 181 172 172 160 144 177 176 160 178 175 134
 190 177  66 172 117 142  77  81  69  86 179 162 100 177 176 136
 190 190 138  79 110 142 165  51  53 176 179 166  94 177 176 135
 190 189 186  95  48 148 182 116 132 179 179 161  97 176 177 135
 187 185 155  71  49 156 182 117 138 178 178 144 105 178 178 119
 189 172  36 147  73 174 181 113 142 180 123  50  72 136 176 116
 186 185 128  79  62 182 180 110 143 181 158  51  46 162 175 114
 188 185 185 109  87 184 179 150 168 179 176 164 167 174 175 114
 188 186 185 184 183 182 180 182 181 180 177 175 175 175 176 116
 187 188 186 185 184 183 181 181 181 180 179 177 176 176 175 115
 188 188 187 185 183 184 184 181 181 180 178 178 178 177 177 115
 190 188 183 185 184 185 178 166 171 174 176 176 162 150 153  94

 147 150 155 150 146 147 145 147 131 127 126 129 128 126 126 107
 190 193 194 197 194 197 199 199 201 200 197 198 199 195 193 169
 190 193 196 197 197 198 200 199 199 156 184 197 195 193 196 167
 192 197 197 199 177 112 106 111 123  83  56 191 195 194 196 184
 191 197 199 200 196 178 183 176 158  60  57 184 194 199 200 196
 191 195 201 200 200 203 201 200 200 135 174 198 202 200 196 192
 193 195 202 201 162  99 196 202 204 205 204 203 204 201 199 191
 193 199 201 204 179  75  61 149 158 161 162 188 203 203 198 185
 197 201 201 204 193  87  55 130 133 123 121 165 203 201 199 181
 199 201 206 204 191  81 183 204 202 201 202 203 204 205 201 198
 201 203 205 203 200 163 163 169 177 197 205 204 202 205 203 203
 201 203 202 204 200 126 118  59  55  81  73 100 208 208 202 203
 203 202 202 204 208 190  90 107  80 168  89 120 207 206 203 205
 199 200 204 203 179  75 152 208 171  43 142 206 205 209 207 206
 202 204 204 207 209 195 211 212 206 187 206 207 210 207 208 205
 204 206 207 208 213 213 213 212 208 213 205 212 210 208 206 208
 147 151 154 151 143 144 144 144 130 126 125 125 127 125 126 105
 181 183 183 185 185 187 187 187 188 187 188 189 189 189 190 170
 183 184 186 187 188 188 188 189 188 149 176 191 190 191 192 167
 184 186 186 188 171 109 104 108 117  85  58 182 190 191 192 178
 187 187 186 187 186 171 177 171 155  61  63 178 190 192 193 189
 186 187 190 187 187 189 190 190 189 135 170 191 193 194 195 189
 187 189 191 189 155  97 186 191 191 191 192 194 195 195 196 187
 188 188 190 192 171  80  61 142 150 152 154 182 196 196 196 185
 189 190 191 191 183  90  60 128 128 124 122 163 197 196 197 180
 190 193 193 192 182  90 175 192 192 191 192 194 195 198 198 193
 192 193 193 193 191 152 152 158 167 184 193 197 197 198 198 198
 191 192 194 193 189 130 124  57  56  86  73 100 200 199 200 199
 193 195 194 195 195 180  92 106  81 158  91 122 199 199 200 200
 193 196 195 196 169  77 149 198 168  49 140 198 200 201 202 200
 195 195 197 197 197 187 200 199 198 185 198 199 201 202 204 202
 196 196 197 198 200 200 200 200 199 198 199 202 203 202 205 204
 138 141 146 142 134 136 135 135 119 116 114 114 116 115 115  94
 173 173 175 176 175 176 176 177 178 176 175 175 176 175 177 153
 173 175 175 176 178 177 177 176 178 136 162 174 175 176 177 150
 175 176 176 178 160 100  94  97 105  72  46 167 175 176 178 162
 178 179 176 177 176 162 166 161 144  50  51 164 175 177 178 176
 176 180 180 178 177 179 179 179 178 123 158 176 177 179 178 176
 177 180 182 180 144  86 176 179 178 180 181 179 180 180 180 174
 179 181 181 183 160  69  53 132 138 142 143 168 181 181 181 171
 180 181 182 182 172  81  51 116 117 113 110 150 182 181 181 166
 181 182 183 184 172  77 165 182 182 181 180 179 180 181 184 178
 182 184 184 183 181 142 142 148 156 174 182 184 182 183 184 185
 184 184 184 184 179 117 110  48  49  73  62  87 183 184 183 184
 185 185 186 187 185 172  79  95  71 147  79 109 184 185 185 185
 185 187 187 188 159  66 138 186 155  36 128 185 185 186 187 183
 186 186 187 187 187 177 190 189 185 172 185 185 186 188 188 188
 187 187 187 188 190 190 190 190 187 189 186 188 188 187 188 190

